map size: 25
row size: 34
i 0 j 0
0 1
 j 1
 j 2
1 2
2 2
3 2
4 2
5 2
 j 3
1 3
1 2
2 2
3 2
3 1
4 1
5 1
 j 4
0 3
 j 5
0 6
 j 6
1 6
2 6
3 6
4 6
4 5
5 5
 j 7
0 6
 j 8
0 9
 j 9
0 10
 j 10
 j 11
 j 12
1 12
 j 13
0 12
 j 14
1 14
1 13
2 13
2 12
3 12
3 11
4 11
5 11
 j 15
0 14
 j 16
 j 17
1 17
 j 18
1 18
1 17
 j 19
1 19
1 20
2 20
2 21
3 21
3 22
4 22
4 23
5 23
 j 20
0 19
 j 21
0 20
 j 22
1 22
1 23
1 24
 j 23
0 24
 j 24
 j 25
0 24
 j 26
 j 27
0 28
 j 28
0 29
 j 29
 j 30
0 31
 j 31
 j 32
0 31
 j 33
1 33
row size: 34
i 1 j 0
0 0
 j 1
1 0
 j 2
1 1
0 1
 j 3
0 3
 j 4
2 4
2 5
2 6
3 6
3 7
4 7
 j 5
0 5
 j 6
1 7
 j 7
2 7
3 7
4 7
 j 8
1 7
 j 9
2 9
2 10
3 10
3 11
4 11
5 11
 j 10
0 10
 j 11
1 12
 j 12
2 12
3 12
4 12
 j 13
1 14
0 14
 j 14
1 15
1 16
1 17
 j 15
1 14
1 13
1 12
 j 16
0 16
 j 17
0 17
 j 18
1 19
2 19
2 20
3 20
3 21
3 22
4 22
4 23
4 24
 j 19
1 20
1 21
0 21
 j 20
0 20
 j 21
0 21
 j 22
0 22
 j 23
2 23
3 23
4 23
4 22
5 22
 j 24
0 24
 j 25
0 25
 j 26
2 26
2 25
3 25
3 24
4 24
 j 27
1 28
0 28
 j 28
0 28
 j 29
1 28
1 27
1 26
1 25
1 24
 j 30
1 29
2 29
2 28
3 28
3 27
4 27
5 27
5 26
6 26
6 25
7 25
8 25
8 24
 j 31
1 30
0 30
 j 32
1 31
0 31
 j 33
row size: 34
i 2 j 0
 j 1
1 1
1 2
1 3
1 4
0 4
 j 2
2 3
3 3
3 4
4 4
4 5
4 6
5 6
 j 3
2 4
2 5
1 5
1 6
0 6
 j 4
3 4
4 4
5 4
 j 5
1 5
0 5
 j 6
1 6
1 5
0 5
 j 7
2 6
3 6
3 5
3 4
4 4
4 3
5 3
 j 8
2 7
3 7
4 7
 j 9
2 8
1 8
1 7
 j 10
2 11
2 12
3 12
3 13
3 14
4 14
4 15
4 16
5 16
5 17
 j 11
2 10
3 10
3 9
4 9
4 8
4 7
 j 12
2 11
3 11
3 10
3 9
3 8
3 7
3 6
3 5
3 4
3 3
4 3
4 2
4 1
4 0
 j 13
2 12
2 11
2 10
2 9
2 8
2 7
2 6
2 5
2 4
2 3
2 2
2 1
2 0
 j 14
2 15
3 15
3 16
3 17
3 18
3 19
3 20
3 21
4 21
4 22
4 23
4 24
 j 15
2 16
2 17
2 18
3 18
3 19
3 20
3 21
3 22
3 23
3 24
3 25
3 26
3 27
3 28
4 28
4 29
4 30
4 31
4 32
4 33
 j 16
2 15
1 15
1 14
0 14
 j 17
3 17
4 17
 j 18
2 17
1 17
 j 19
2 20
1 20
1 21
0 21
 j 20
3 20
3 19
4 19
5 19
 j 21
2 22
3 22
3 23
4 23
4 24
 j 22
1 22
1 23
1 24
 j 23
2 22
2 21
1 21
1 20
1 19
1 18
0 18
 j 24
1 24
 j 25
2 26
1 26
1 27
1 28
1 29
1 30
0 30
 j 26
2 25
3 25
3 24
4 24
 j 27
1 27
0 27
 j 28
2 27
2 26
1 26
1 25
1 24
 j 29
2 28
3 28
4 28
5 28
5 27
6 27
7 27
8 27
8 26
9 26
10 26
11 26
11 25
12 25
 j 30
1 30
0 30
 j 31
2 30
1 30
1 29
0 29
 j 32
1 32
0 32
 j 33
2 32
1 32
1 31
1 30
1 29
1 28
0 28
row size: 34
i 3 j 0
3 1
3 2
3 3
3 4
3 5
3 6
3 7
4 7
 j 1
3 2
4 2
5 2
 j 2
2 2
2 3
2 4
1 4
1 5
1 6
0 6
 j 3
4 3
5 3
 j 4
3 3
2 3
2 2
2 1
1 1
1 0
 j 5
2 5
2 4
1 4
0 4
 j 6
3 7
2 7
2 8
2 9
1 9
1 10
0 10
 j 7
3 6
3 5
4 5
4 4
5 4
 j 8
3 9
4 9
4 10
4 11
4 12
 j 9
3 10
3 11
3 12
4 12
 j 10
3 9
3 8
3 7
3 6
3 5
3 4
4 4
4 3
4 2
4 1
4 0
 j 11
2 11
2 12
1 12
 j 12
2 12
1 12
 j 13
2 13
1 13
0 13
 j 14
3 13
2 13
2 12
2 11
1 11
1 10
1 9
0 9
 j 15
2 15
1 15
0 15
 j 16
4 16
5 16
5 17
 j 17
2 17
2 16
1 16
1 15
0 15
 j 18
3 17
3 16
2 16
2 15
2 14
2 13
1 13
1 12
 j 19
3 20
3 21
3 22
2 22
2 23
2 24
2 25
2 26
2 27
2 28
1 28
1 29
1 30
1 31
1 32
1 33
 j 20
3 21
3 22
3 23
3 24
3 25
3 26
3 27
3 28
4 28
4 29
4 30
4 31
4 32
4 33
 j 21
4 21
4 20
4 19
4 18
5 18
 j 22
2 22
2 21
1 21
1 20
1 19
0 19
 j 23
4 23
5 23
 j 24
3 25
4 25
4 26
5 26
5 27
6 27
7 27
7 28
8 28
8 29
9 29
9 30
10 30
10 31
11 31
12 31
 j 25
3 24
3 23
3 22
3 21
3 20
3 19
3 18
3 17
3 16
3 15
3 14
3 13
3 12
3 11
3 10
3 9
3 8
3 7
3 6
4 6
4 5
4 4
4 3
4 2
4 1
4 0
 j 26
3 27
3 28
4 28
4 29
4 30
4 31
5 31
5 32
5 33
 j 27
4 27
4 26
4 25
4 24
 j 28
2 28
2 29
1 29
1 30
0 30
 j 29
4 29
4 30
5 30
6 30
6 31
7 31
8 31
9 31
9 32
10 32
11 32
11 33
 j 30
3 31
4 31
4 32
5 32
5 33
 j 31
2 31
2 32
2 33
 j 32
4 32
5 32
5 31
6 31
7 31
8 31
8 30
9 30
10 30
10 29
11 29
12 29
13 29
13 28
14 28
15 28
 j 33
row size: 34
i 4 j 0
 j 1
3 1
3 0
 j 2
5 2
 j 3
4 2
3 2
3 1
3 0
 j 4
4 5
4 6
4 7
 j 5
4 6
3 6
3 7
2 7
2 8
2 9
1 9
1 10
0 10
 j 6
3 6
2 6
1 6
0 6
 j 7
4 8
5 8
 j 8
5 8
 j 9
3 9
3 8
2 8
1 8
1 7
 j 10
4 9
3 9
2 9
2 8
1 8
1 7
 j 11
4 12
 j 12
3 12
2 12
1 12
 j 13
4 14
3 14
3 15
2 15
2 16
2 17
1 17
 j 14
4 13
3 13
3 12
3 11
2 11
2 10
1 10
1 9
1 8
0 8
 j 15
5 15
5 14
6 14
7 14
7 13
 j 16
4 15
5 15
5 14
5 13
6 13
6 12
 j 17
4 18
5 18
 j 18
4 19
4 20
4 21
3 21
3 22
3 23
3 24
3 25
2 25
2 26
2 27
2 28
2 29
1 29
1 30
1 31
1 32
1 33
 j 19
4 20
4 21
4 22
4 23
4 24
 j 20
4 19
3 19
2 19
1 19
1 18
0 18
 j 21
3 21
3 22
3 23
2 23
2 24
1 24
 j 22
5 22
 j 23
4 22
5 22
 j 24
3 24
3 23
2 23
2 22
2 21
1 21
1 20
0 20
 j 25
3 25
2 25
2 24
1 24
 j 26
4 25
3 25
3 24
2 24
2 23
2 22
1 22
1 21
1 20
0 20
 j 27
4 28
3 28
3 29
3 30
2 30
2 31
2 32
1 32
1 33
 j 28
5 28
5 29
6 29
6 30
7 30
7 31
8 31
8 32
9 32
9 33
 j 29
3 29
3 28
2 28
1 28
0 28
 j 30
4 29
3 29
3 28
2 28
1 28
1 27
0 27
 j 31
4 30
4 29
5 29
5 28
6 28
6 27
6 26
7 26
7 25
7 24
 j 32
5 32
5 31
6 31
6 30
7 30
7 29
8 29
8 28
9 28
9 27
10 27
10 26
10 25
11 25
11 24
 j 33
3 33
row size: 34
i 5 j 0
4 0
 j 1
5 2
 j 2
5 1
 j 3
5 4
 j 4
4 4
3 4
2 4
1 4
0 4
 j 5
6 5
 j 6
6 6
6 7
7 7
7 8
8 8
8 9
9 9
9 10
10 10
10 11
11 11
11 12
 j 7
6 7
6 8
7 8
7 9
8 9
8 10
9 10
9 11
10 11
10 12
 j 8
5 7
 j 9
5 8
 j 10
5 9
4 9
4 8
4 7
 j 11
6 11
6 12
 j 12
5 13
4 13
4 14
4 15
3 15
3 16
2 16
2 17
2 18
1 18
1 19
1 20
0 20
 j 13
5 14
5 15
5 16
5 17
 j 14
5 13
5 12
 j 15
4 15
4 16
3 16
2 16
2 17
1 17
 j 16
6 16
6 15
6 14
6 13
6 12
 j 17
6 17
 j 18
5 19
 j 19
6 19
6 20
7 20
8 20
8 21
9 21
9 22
10 22
10 23
11 23
11 24
 j 20
5 21
4 21
4 22
4 23
3 23
3 24
3 25
2 25
2 26
1 26
1 27
1 28
0 28
 j 21
6 21
6 20
6 19
7 19
7 18
7 17
 j 22
5 23
 j 23
5 22
 j 24
6 24
 j 25
4 25
4 24
 j 26
6 26
6 27
7 27
7 28
7 29
8 29
8 30
9 30
9 31
10 31
10 32
11 32
11 33
 j 27
4 27
4 28
3 28
2 28
1 28
0 28
 j 28
5 27
6 27
6 26
7 26
7 25
8 25
8 24
 j 29
5 30
6 30
7 30
7 31
8 31
9 31
10 31
10 32
11 32
12 32
 j 30
4 30
4 29
3 29
3 28
2 28
2 27
1 27
0 27
 j 31
5 32
6 32
7 32
8 32
9 32
10 32
10 33
 j 32
5 33
 j 33
4 33
row size: 34
i 6 j 0
7 0
 j 1
6 0
 j 2
5 2
 j 3
5 3
 j 4
6 5
 j 5
7 5
7 4
7 3
7 2
8 2
8 1
8 0
 j 6
5 6
 j 7
5 7
 j 8
6 7
6 6
6 5
 j 9
6 10
7 10
7 11
7 12
 j 10
6 9
6 8
5 8
 j 11
5 11
 j 12
7 12
 j 13
6 12
 j 14
6 15
6 16
5 16
5 17
 j 15
6 16
6 17
 j 16
6 15
7 15
7 14
7 13
 j 17
5 17
 j 18
6 19
6 20
5 20
5 21
4 21
4 22
4 23
3 23
3 24
3 25
2 25
2 26
2 27
1 27
1 28
0 28
 j 19
5 19
 j 20
7 20
8 20
8 21
9 21
10 21
11 21
12 21
12 22
 j 21
5 21
4 21
4 22
3 22
2 22
2 23
1 23
0 23
 j 22
7 22
7 23
8 23
9 23
9 24
 j 23
5 23
 j 24
7 24
 j 25
7 25
8 25
8 26
9 26
10 26
11 26
11 27
12 27
 j 26
5 26
4 26
4 25
3 25
2 25
1 25
1 24
 j 27
7 27
8 27
9 27
10 27
10 26
11 26
12 26
 j 28
5 28
5 27
4 27
4 26
3 26
2 26
2 25
1 25
1 24
 j 29
6 30
5 30
5 31
5 32
5 33
 j 30
6 29
6 28
6 27
6 26
6 25
6 24
 j 31
6 32
7 32
7 33
 j 32
7 32
7 33
 j 33
5 33
row size: 34
i 7 j 0
6 0
 j 1
8 1
9 1
10 1
11 1
12 1
 j 2
7 3
7 4
7 5
7 6
7 7
7 8
7 9
7 10
7 11
7 12
 j 3
6 3
5 3
 j 4
6 4
5 4
 j 5
6 5
 j 6
8 6
8 5
9 5
 j 7
7 6
6 6
6 5
 j 8
7 7
7 6
7 5
8 5
8 4
8 3
8 2
8 1
8 0
 j 9
6 9
6 8
5 8
 j 10
7 11
8 11
8 12
8 13
9 13
9 14
9 15
10 15
10 16
11 16
11 17
 j 11
8 11
9 11
9 10
10 10
11 10
12 10
 j 12
7 13
 j 13
8 13
9 13
9 14
10 14
11 14
11 15
12 15
13 15
13 16
14 16
15 16
 j 14
7 13
 j 15
7 14
8 14
9 14
10 14
10 13
11 13
12 13
 j 16
7 15
8 15
9 15
10 15
11 15
11 14
12 14
13 14
14 14
15 14
15 13
16 13
17 13
18 13
19 13
 j 17
7 18
7 19
7 20
7 21
7 22
7 23
7 24
 j 18
6 18
5 18
 j 19
8 19
9 19
10 19
11 19
12 19
 j 20
7 19
7 18
7 17
 j 21
7 20
8 20
8 19
9 19
9 18
10 18
10 17
 j 22
8 22
9 22
9 21
10 21
11 21
12 21
13 21
14 21
15 21
 j 23
7 22
7 21
8 21
8 20
8 19
8 18
8 17
 j 24
7 25
7 26
8 26
8 27
8 28
8 29
9 29
9 30
9 31
9 32
10 32
10 33
 j 25
7 24
 j 26
8 26
9 26
10 26
11 26
12 26
 j 27
7 26
6 26
6 25
6 24
 j 28
7 27
8 27
9 27
9 26
10 26
10 25
11 25
12 25
 j 29
6 29
5 29
4 29
4 28
3 28
2 28
1 28
1 27
0 27
 j 30
6 30
6 31
6 32
5 32
5 33
 j 31
7 30
8 30
8 29
8 28
9 28
9 27
9 26
10 26
10 25
10 24
 j 32
7 31
7 30
7 29
7 28
7 27
7 26
7 25
7 24
 j 33
6 33
row size: 34
i 8 j 0
9 0
 j 1
8 2
7 2
7 3
6 3
5 3
 j 2
9 2
9 3
10 3
10 4
11 4
11 5
 j 3
7 3
7 4
6 4
6 5
 j 4
9 4
10 4
11 4
12 4
12 5
 j 5
8 6
8 7
8 8
7 8
7 9
7 10
7 11
7 12
 j 6
8 7
8 8
9 8
9 9
9 10
9 11
10 11
10 12
 j 7
7 7
7 8
6 8
6 9
5 9
5 10
4 10
4 11
3 11
3 12
2 12
2 13
1 13
1 14
0 14
 j 8
7 8
7 9
7 10
6 10
6 11
5 11
 j 9
9 9
10 9
11 9
12 9
12 8
13 8
14 8
15 8
16 8
17 8
18 8
19 8
20 8
21 8
21 7
22 7
23 7
24 7
 j 10
7 10
6 10
5 10
4 10
3 10
2 10
1 10
0 10
 j 11
7 11
7 12
 j 12
8 11
8 10
8 9
9 9
9 8
9 7
9 6
9 5
 j 13
7 13
 j 14
9 14
9 13
10 13
10 12
 j 15
8 14
9 14
9 13
9 12
9 11
10 11
10 10
10 9
10 8
11 8
11 7
11 6
12 6
 j 16
8 15
9 15
10 15
11 15
12 15
13 15
13 14
14 14
15 14
16 14
17 14
18 14
18 13
19 13
 j 17
8 18
7 18
7 19
7 20
7 21
6 21
6 22
6 23
5 23
 j 18
9 18
10 18
10 19
11 19
11 20
12 20
13 20
13 21
14 21
15 21
 j 19
9 19
9 20
9 21
10 21
10 22
10 23
11 23
11 24
 j 20
8 21
9 21
9 22
10 22
11 22
11 23
12 23
 j 21
8 20
9 20
9 19
10 19
10 18
11 18
11 17
 j 22
9 22
9 21
9 20
10 20
10 19
10 18
11 18
11 17
 j 23
8 24
 j 24
8 23
9 23
9 22
9 21
9 20
10 20
10 19
10 18
11 18
11 17
 j 25
7 25
7 26
6 26
5 26
5 27
4 27
3 27
2 27
2 28
1 28
0 28
 j 26
7 26
6 26
6 25
5 25
4 25
4 24
 j 27
8 28
8 29
8 30
8 31
7 31
7 32
7 33
 j 28
8 29
8 30
8 31
8 32
9 32
9 33
 j 29
7 29
6 29
6 30
5 30
4 30
3 30
2 30
1 30
0 30
 j 30
8 29
8 28
7 28
7 27
7 26
7 25
6 25
6 24
 j 31
8 30
9 30
9 29
9 28
10 28
10 27
11 27
11 26
11 25
12 25
 j 32
7 32
7 33
 j 33
8 32
7 32
7 31
6 31
6 30
5 30
5 29
4 29
4 28
4 27
3 27
3 26
2 26
2 25
1 25
1 24
row size: 34
i 9 j 0
10 0
 j 1
9 0
 j 2
9 3
8 3
8 4
7 4
7 5
6 5
 j 3
10 3
10 2
10 1
11 1
11 0
 j 4
9 3
9 2
9 1
9 0
 j 5
8 5
8 6
8 7
7 7
7 8
6 8
6 9
5 9
5 10
4 10
4 11
3 11
3 12
2 12
2 13
2 14
1 14
1 15
0 15
 j 6
10 6
11 6
12 6
 j 7
8 7
8 8
7 8
7 9
6 9
5 9
5 10
4 10
3 10
3 11
2 11
2 12
1 12
 j 8
10 8
10 9
11 9
12 9
13 9
14 9
15 9
 j 9
9 10
9 11
9 12
9 13
9 14
9 15
9 16
9 17
 j 10
9 9
8 9
8 8
7 8
6 8
6 7
5 7
 j 11
9 10
8 10
8 9
8 8
8 7
8 6
8 5
8 4
8 3
8 2
8 1
7 1
7 0
 j 12
10 12
 j 13
9 14
9 15
9 16
9 17
 j 14
8 14
8 15
7 15
6 15
5 15
4 15
4 16
3 16
2 16
1 16
1 17
 j 15
10 15
10 16
11 16
11 17
 j 16
9 15
8 15
8 14
7 14
7 13
 j 17
10 17
 j 18
9 17
 j 19
9 18
10 18
10 17
 j 20
9 19
8 19
8 18
8 17
 j 21
9 20
9 19
10 19
10 18
10 17
 j 22
8 22
7 22
6 22
5 22
 j 23
9 24
 j 24
8 24
 j 25
9 24
 j 26
8 26
8 27
7 27
7 28
6 28
6 29
5 29
5 30
4 30
4 31
3 31
3 32
2 32
2 33
 j 27
9 26
9 25
9 24
 j 28
8 28
8 27
8 26
8 25
7 25
7 24
 j 29
8 29
8 28
8 27
8 26
7 26
7 25
7 24
 j 30
10 30
11 30
12 30
 j 31
8 31
8 30
7 30
6 30
6 29
5 29
4 29
4 28
3 28
2 28
2 27
1 27
0 27
 j 32
8 32
7 32
6 32
6 33
 j 33
row size: 34
i 10 j 0
9 0
 j 1
10 2
11 2
11 3
11 4
12 4
12 5
 j 2
10 3
10 4
9 4
9 5
 j 3
11 3
12 3
12 4
13 4
14 4
14 5
15 5
16 5
17 5
17 6
18 6
19 6
19 7
20 7
21 7
22 7
22 8
23 8
24 8
 j 4
10 3
10 2
9 2
9 1
9 0
 j 5
10 4
10 3
11 3
11 2
11 1
12 1
 j 6
9 6
8 6
8 5
7 5
6 5
 j 7
10 6
10 5
 j 8
10 9
9 9
9 10
9 11
9 12
8 12
8 13
8 14
7 14
7 15
7 16
 j 9
10 10
11 10
11 11
11 12
 j 10
9 10
9 11
9 12
8 12
8 13
8 14
7 14
7 15
6 15
6 16
6 17
 j 11
10 10
11 10
11 9
11 8
12 8
12 7
 j 12
10 11
10 10
11 10
11 9
12 9
12 8
13 8
13 7
14 7
14 6
14 5
15 5
15 4
16 4
16 3
17 3
17 2
18 2
18 1
18 0
 j 13
11 13
11 14
12 14
12 15
13 15
13 16
14 16
15 16
 j 14
11 14
12 14
12 15
13 15
14 15
15 15
 j 15
10 16
9 16
9 17
 j 16
11 16
11 17
 j 17
10 16
11 16
11 15
12 15
12 14
13 14
13 13
14 13
14 12
15 12
 j 18
10 19
9 19
9 20
8 20
8 21
7 21
7 22
6 22
6 23
5 23
 j 19
11 19
11 20
12 20
13 20
14 20
14 21
15 21
 j 20
10 21
10 22
10 23
10 24
 j 21
10 22
11 22
12 22
 j 22
10 23
10 24
 j 23
11 23
12 23
 j 24
10 23
11 23
11 22
11 21
11 20
11 19
12 19
 j 25
10 26
10 27
10 28
10 29
10 30
10 31
10 32
10 33
 j 26
11 26
12 26
 j 27
10 28
11 28
11 29
11 30
12 30
 j 28
9 28
8 28
7 28
7 27
6 27
5 27
4 27
3 27
3 26
2 26
1 26
0 26
 j 29
10 30
9 30
9 31
9 32
9 33
 j 30
11 30
11 31
12 31
 j 31
9 31
9 32
9 33
 j 32
10 31
9 31
9 30
8 30
8 29
8 28
7 28
7 27
7 26
6 26
6 25
5 25
5 24
 j 33
row size: 34
i 11 j 0
11 1
12 1
 j 1
10 1
10 0
 j 2
12 2
 j 3
11 4
10 4
9 4
9 5
 j 4
11 3
12 3
12 2
 j 5
12 5
 j 6
10 6
9 6
8 6
7 6
6 6
5 6
 j 7
10 7
9 7
8 7
8 8
7 8
6 8
5 8
 j 8
10 8
10 7
9 7
8 7
7 7
6 7
5 7
 j 9
11 10
10 10
10 11
10 12
 j 10
12 10
 j 11
12 11
 j 12
11 11
10 11
10 10
10 9
10 8
10 7
9 7
9 6
9 5
 j 13
12 13
 j 14
11 15
11 16
11 17
 j 15
11 14
11 13
10 13
10 12
 j 16
12 16
 j 17
11 18
12 18
 j 18
11 19
12 19
 j 19
10 19
10 18
9 18
8 18
8 17
 j 20
10 20
10 19
9 19
9 18
8 18
8 17
 j 21
11 20
12 20
13 20
13 19
14 19
15 19
15 18
16 18
16 17
17 17
18 17
18 16
 j 22
12 22
 j 23
10 23
9 23
8 23
7 23
6 23
5 23
 j 24
11 25
12 25
 j 25
11 26
11 27
11 28
11 29
11 30
11 31
11 32
10 32
10 33
 j 26
12 26
 j 27
11 28
12 28
12 29
12 30
 j 28
12 28
12 29
13 29
13 30
14 30
14 31
15 31
 j 29
10 29
10 28
10 27
9 27
9 26
9 25
9 24
 j 30
11 29
10 29
10 28
10 27
10 26
9 26
9 25
9 24
 j 31
11 32
11 33
 j 32
12 32
 j 33
12 33
row size: 34
i 12 j 0
 j 1
13 1
13 0
 j 2
12 3
13 3
13 4
14 4
14 5
14 6
15 6
15 7
15 8
16 8
16 9
17 9
17 10
17 11
 j 3
13 3
14 3
14 2
15 2
 j 4
13 4
13 5
14 5
14 6
15 6
15 7
16 7
16 8
16 9
17 9
17 10
18 10
18 11
 j 5
12 4
12 3
11 3
11 2
11 1
11 0
 j 6
12 7
 j 7
11 7
10 7
10 8
9 8
8 8
7 8
6 8
5 8
 j 8
13 8
13 9
14 9
15 9
 j 9
13 9
13 10
13 11
14 11
14 12
15 12
 j 10
13 10
13 11
14 11
15 11
 j 11
11 11
10 11
10 10
9 10
9 9
8 9
7 9
7 8
6 8
5 8
 j 12
11 12
 j 13
12 14
12 15
13 15
13 16
13 17
14 17
14 18
14 19
14 20
15 20
15 21
 j 14
12 15
11 15
10 15
10 16
9 16
9 17
 j 15
11 15
10 15
9 15
8 15
7 15
6 15
5 15
4 15
3 15
2 15
1 15
0 15
 j 16
11 16
10 16
9 16
8 16
7 16
 j 17
12 16
 j 18
11 18
10 18
9 18
8 18
8 17
 j 19
13 19
13 18
14 18
15 18
16 18
17 18
17 17
18 17
19 17
20 17
21 17
21 16
22 16
23 16
24 16
 j 20
11 20
10 20
9 20
8 20
7 20
7 19
6 19
5 19
 j 21
13 21
13 22
14 22
15 22
 j 22
11 22
11 21
10 21
10 20
10 19
9 19
9 18
8 18
8 17
 j 23
13 23
13 24
13 25
14 25
14 26
14 27
15 27
15 28
 j 24
12 23
 j 25
12 26
 j 26
11 26
11 25
10 25
9 25
9 24
 j 27
12 26
 j 28
13 28
14 28
15 28
 j 29
12 30
 j 30
12 31
 j 31
11 31
11 30
10 30
9 30
9 29
8 29
7 29
7 28
6 28
6 27
5 27
4 27
4 26
3 26
2 26
2 25
1 25
1 24
 j 32
13 32
13 31
14 31
15 31
 j 33
row size: 34
i 13 j 0
 j 1
13 2
13 3
13 4
14 4
14 5
14 6
15 6
15 7
15 8
15 9
 j 2
13 1
12 1
 j 3
13 4
14 4
14 5
15 5
15 6
16 6
16 7
16 8
17 8
17 9
18 9
18 10
19 10
19 11
 j 4
14 4
15 4
16 4
16 3
17 3
18 3
19 3
19 2
20 2
21 2
22 2
23 2
23 1
24 1
 j 5
14 5
15 5
16 5
16 4
17 4
18 4
19 4
19 3
20 3
21 3
22 3
22 2
23 2
24 2
 j 6
14 6
15 6
16 6
17 6
18 6
19 6
19 7
20 7
21 7
22 7
23 7
24 7
 j 7
14 7
14 6
15 6
16 6
16 5
17 5
18 5
18 4
19 4
20 4
20 3
21 3
22 3
23 3
23 2
24 2
 j 8
14 8
14 7
15 7
15 6
16 6
16 5
16 4
17 4
17 3
18 3
18 2
19 2
19 1
19 0
 j 9
12 9
12 8
12 7
 j 10
12 10
 j 11
13 12
12 12
 j 12
13 11
13 10
13 9
14 9
14 8
14 7
14 6
14 5
14 4
14 3
14 2
14 1
15 1
 j 13
13 12
13 11
13 10
13 9
13 8
13 7
14 7
14 6
14 5
14 4
14 3
14 2
14 1
14 0
 j 14
14 14
14 15
15 15
 j 15
13 16
13 17
12 17
 j 16
13 17
14 17
14 18
15 18
16 18
16 19
17 19
17 20
18 20
18 21
 j 17
13 18
13 19
14 19
14 20
14 21
14 22
14 23
15 23
 j 18
12 18
 j 19
12 19
 j 20
13 21
12 21
11 21
10 21
10 22
9 22
8 22
7 22
7 23
6 23
5 23
 j 21
13 20
14 20
14 19
15 19
15 18
16 18
16 17
16 16
 j 22
14 22
14 23
15 23
 j 23
12 23
 j 24
12 24
 j 25
12 25
 j 26
13 27
14 27
14 28
15 28
 j 27
13 28
14 28
14 29
14 30
15 30
 j 28
12 28
12 27
 j 29
13 30
14 30
14 31
14 32
15 32
 j 30
12 30
 j 31
13 32
13 33
 j 32
13 31
12 31
 j 33
14 33
row size: 34
i 14 j 0
14 1
14 2
14 3
14 4
14 5
14 6
14 7
14 8
14 9
14 10
14 11
14 12
14 13
14 14
14 15
14 16
14 17
14 18
13 18
13 19
13 20
13 21
13 22
13 23
13 24
13 25
13 26
13 27
13 28
13 29
13 30
13 31
13 32
13 33
 j 1
15 1
 j 2
15 2
 j 3
13 3
13 2
12 2
 j 4
14 3
15 3
 j 5
15 5
16 5
17 5
18 5
19 5
20 5
21 5
22 5
23 5
24 5
 j 6
15 6
16 6
17 6
17 5
18 5
19 5
20 5
21 5
22 5
23 5
24 5
 j 7
14 8
14 9
14 10
14 11
14 12
13 12
13 13
13 14
13 15
13 16
13 17
13 18
13 19
13 20
12 20
12 21
12 22
 j 8
13 8
12 8
12 9
11 9
11 10
10 10
9 10
9 11
8 11
7 11
7 12
 j 9
13 9
12 9
11 9
11 10
10 10
9 10
8 10
7 10
7 11
6 11
5 11
 j 10
14 11
13 11
12 11
 j 11
13 11
13 10
12 10
 j 12
13 12
12 12
 j 13
14 12
14 11
13 11
13 10
13 9
12 9
12 8
11 8
11 7
11 6
10 6
10 5
 j 14
14 15
14 16
14 17
15 17
15 18
15 19
16 19
16 20
16 21
 j 15
13 15
12 15
11 15
10 15
10 16
9 16
8 16
7 16
 j 16
14 15
14 14
13 14
13 13
12 13
 j 17
13 17
13 18
12 18
 j 18
14 17
15 17
15 16
 j 19
13 19
12 19
 j 20
15 20
15 19
16 19
16 18
17 18
18 18
18 17
19 17
19 16
 j 21
13 21
12 21
11 21
11 20
10 20
9 20
9 19
8 19
7 19
6 19
6 18
5 18
 j 22
13 22
13 21
12 21
12 20
11 20
10 20
10 19
9 19
9 18
8 18
7 18
7 17
 j 23
13 23
13 24
12 24
 j 24
14 23
15 23
 j 25
14 24
14 23
15 23
 j 26
14 25
13 25
13 24
12 24
 j 27
15 27
16 27
17 27
17 28
18 28
19 28
 j 28
13 28
13 29
12 29
12 30
 j 29
14 30
14 31
14 32
14 33
 j 30
14 29
14 28
14 27
14 26
14 25
14 24
13 24
13 23
13 22
13 21
13 20
13 19
13 18
13 17
13 16
12 16
 j 31
13 31
12 31
 j 32
13 32
13 33
 j 33
15 33
row size: 34
i 15 j 0
16 0
 j 1
15 0
 j 2
14 2
13 2
12 2
 j 3
15 4
14 4
14 5
14 6
13 6
13 7
12 7
 j 4
16 4
17 4
18 4
19 4
20 4
21 4
22 4
23 4
24 4
 j 5
16 5
16 4
17 4
17 3
18 3
19 3
19 2
20 2
20 1
21 1
22 1
22 0
 j 6
16 6
17 6
18 6
19 6
20 6
21 6
22 6
23 6
24 6
 j 7
14 7
14 6
13 6
12 6
 j 8
15 7
16 7
17 7
17 6
18 6
19 6
19 5
20 5
21 5
21 4
22 4
23 4
23 3
24 3
 j 9
15 8
15 7
15 6
15 5
15 4
15 3
 j 10
14 10
14 9
13 9
12 9
11 9
11 8
10 8
9 8
8 8
8 7
7 7
6 7
5 7
 j 11
15 10
 j 12
15 13
14 13
13 13
12 13
 j 13
16 13
17 13
18 13
19 13
 j 14
15 13
15 12
 j 15
15 14
16 14
17 14
18 14
18 13
19 13
 j 16
16 16
 j 17
15 18
16 18
16 19
16 20
17 20
17 21
 j 18
15 19
14 19
13 19
13 20
12 20
12 21
11 21
11 22
10 22
10 23
9 23
9 24
 j 19
14 19
13 19
12 19
 j 20
15 21
 j 21
16 21
 j 22
15 21
 j 23
16 23
16 24
17 24
18 24
19 24
 j 24
16 24
17 24
18 24
19 24
 j 25
16 25
17 25
18 25
18 24
19 24
 j 26
16 26
17 26
18 26
19 26
 j 27
15 26
15 25
 j 28
15 29
 j 29
16 29
16 28
17 28
18 28
19 28
 j 30
15 29
 j 31
15 30
 j 32
15 31
 j 33
14 33
row size: 34
i 16 j 0
 j 1
16 0
 j 2
16 3
17 3
17 4
18 4
18 5
19 5
19 6
20 6
20 7
21 7
21 8
22 8
22 9
23 9
23 10
24 10
 j 3
16 4
15 4
15 5
14 5
14 6
14 7
13 7
13 8
13 9
12 9
12 10
 j 4
15 4
15 3
 j 5
17 5
17 6
18 6
18 7
19 7
20 7
20 8
21 8
21 9
22 9
22 10
23 10
24 10
 j 6
17 6
17 7
18 7
19 7
19 8
20 8
20 9
21 9
22 9
22 10
23 10
24 10
 j 7
16 8
16 9
17 9
17 10
17 11
 j 8
16 7
17 7
17 6
18 6
19 6
19 5
20 5
20 4
21 4
21 3
22 3
22 2
23 2
23 1
24 1
 j 9
16 10
17 10
17 11
 j 10
15 10
 j 11
17 11
 j 12
16 13
17 13
18 13
18 14
19 14
 j 13
16 12
16 11
 j 14
15 14
14 14
14 13
13 13
12 13
 j 15
15 15
 j 16
16 15
16 14
16 13
16 12
17 12
17 11
 j 17
16 16
 j 18
17 18
17 17
18 17
19 17
19 16
 j 19
16 18
16 17
16 16
 j 20
15 20
14 20
14 19
13 19
12 19
 j 21
15 21
 j 22
17 22
17 21
 j 23
15 23
 j 24
16 25
15 25
 j 25
16 26
16 27
17 27
17 28
17 29
17 30
17 31
17 32
17 33
 j 26
17 26
18 26
19 26
 j 27
17 27
18 27
18 26
19 26
 j 28
15 28
 j 29
16 28
15 28
 j 30
15 30
 j 31
15 31
 j 32
17 32
18 32
18 33
 j 33
16 32
16 31
17 31
17 30
17 29
17 28
17 27
18 27
18 26
18 25
18 24
18 23
19 23
row size: 34
i 17 j 0
16 0
 j 1
18 1
19 1
20 1
21 1
21 0
 j 2
17 3
17 4
18 4
18 5
18 6
18 7
18 8
19 8
19 9
19 10
19 11
 j 3
17 4
17 5
17 6
17 7
16 7
16 8
16 9
16 10
16 11
 j 4
17 5
16 5
16 6
15 6
15 7
15 8
14 8
14 9
13 9
13 10
13 11
12 11
 j 5
17 6
16 6
16 7
15 7
15 8
14 8
13 8
13 9
12 9
12 10
 j 6
16 6
16 7
16 8
16 9
16 10
16 11
 j 7
18 7
18 6
19 6
20 6
20 5
21 5
21 4
22 4
22 3
23 3
24 3
 j 8
17 7
18 7
18 6
18 5
19 5
19 4
19 3
20 3
20 2
21 2
21 1
21 0
 j 9
17 10
17 11
 j 10
17 9
16 9
16 8
16 7
15 7
15 6
15 5
14 5
14 4
14 3
14 2
13 2
13 1
13 0
 j 11
17 10
16 10
15 10
 j 12
16 12
16 13
15 13
14 13
14 14
13 14
12 14
12 15
11 15
10 15
10 16
9 16
8 16
8 17
 j 13
17 14
18 14
18 15
19 15
 j 14
17 15
16 15
15 15
 j 15
16 15
15 15
 j 16
18 16
 j 17
16 17
15 17
14 17
14 16
13 16
12 16
 j 18
17 19
16 19
16 20
16 21
 j 19
17 20
18 20
19 20
20 20
21 20
21 21
22 21
23 21
24 21
 j 20
16 20
15 20
15 21
 j 21
16 21
 j 22
18 22
19 22
 j 23
16 23
15 23
 j 24
17 23
18 23
18 22
18 21
 j 25
16 25
15 25
 j 26
17 27
17 28
18 28
18 29
18 30
19 30
 j 27
18 27
19 27
 j 28
16 28
16 29
15 29
 j 29
17 30
18 30
18 31
18 32
19 32
 j 30
18 30
19 30
 j 31
17 32
18 32
18 33
 j 32
16 32
16 31
16 30
16 29
15 29
 j 33
18 33
row size: 34
i 18 j 0
19 0
 j 1
18 2
17 2
16 2
16 3
15 3
 j 2
19 2
19 3
20 3
20 4
20 5
21 5
21 6
22 6
22 7
23 7
23 8
23 9
24 9
 j 3
18 4
18 5
18 6
19 6
19 7
19 8
19 9
19 10
19 11
 j 4
19 4
19 5
20 5
21 5
22 5
23 5
23 6
24 6
 j 5
18 4
17 4
17 3
16 3
15 3
 j 6
17 6
16 6
15 6
15 5
14 5
13 5
12 5
 j 7
19 7
20 7
20 6
21 6
21 5
22 5
22 4
23 4
24 4
 j 8
17 8
16 8
15 8
15 7
14 7
13 7
12 7
 j 9
18 10
18 11
 j 10
19 10
19 9
20 9
21 9
21 8
22 8
23 8
24 8
 j 11
18 10
18 9
17 9
17 8
16 8
16 7
15 7
15 6
15 5
14 5
14 4
13 4
13 3
13 2
12 2
 j 12
18 13
18 14
18 15
18 16
 j 13
19 13
 j 14
19 14
 j 15
19 15
 j 16
18 17
17 17
17 18
16 18
16 19
16 20
15 20
15 21
 j 17
17 17
17 18
17 19
16 19
16 20
16 21
 j 18
18 17
19 17
19 16
 j 19
18 18
17 18
17 17
16 17
16 16
 j 20
18 19
19 19
19 18
19 17
20 17
20 16
21 16
21 15
22 15
22 14
22 13
23 13
23 12
24 12
 j 21
17 21
 j 22
19 22
 j 23
18 22
17 22
17 21
 j 24
18 23
19 23
 j 25
18 24
18 23
18 22
18 21
 j 26
17 26
17 27
16 27
16 28
15 28
 j 27
17 27
16 27
15 27
15 28
 j 28
18 27
18 26
18 25
18 24
19 24
 j 29
17 29
17 28
16 28
15 28
 j 30
18 29
19 29
 j 31
18 30
18 29
18 28
18 27
18 26
18 25
17 25
17 24
17 23
17 22
17 21
 j 32
18 33
 j 33
row size: 34
i 19 j 0
19 1
20 1
20 2
20 3
21 3
21 4
21 5
22 5
22 6
23 6
23 7
23 8
24 8
 j 1
20 1
20 2
20 3
20 4
20 5
20 6
20 7
21 7
21 8
21 9
21 10
21 11
 j 2
19 1
19 0
 j 3
20 3
21 3
22 3
23 3
24 3
 j 4
19 5
19 6
19 7
19 8
19 9
19 10
19 11
 j 5
19 6
20 6
20 7
20 8
21 8
21 9
21 10
22 10
22 11
 j 6
18 6
18 5
17 5
16 5
16 4
15 4
14 4
14 3
13 3
13 2
12 2
 j 7
20 7
20 6
21 6
22 6
23 6
23 5
24 5
 j 8
20 8
21 8
22 8
23 8
24 8
 j 9
19 8
18 8
18 7
18 6
17 6
17 5
17 4
16 4
16 3
16 2
15 2
 j 10
20 10
20 9
21 9
22 9
23 9
24 9
 j 11
20 11
 j 12
19 11
 j 13
19 14
 j 14
19 15
 j 15
19 14
 j 16
19 17
19 18
19 19
19 20
19 21
 j 17
19 18
18 18
18 19
17 19
17 20
16 20
16 21
 j 18
20 18
21 18
22 18
22 17
23 17
24 17
 j 19
20 19
21 19
21 18
22 18
23 18
23 17
24 17
 j 20
19 19
18 19
17 19
17 18
16 18
15 18
15 17
14 17
13 17
13 16
12 16
 j 21
18 21
 j 22
19 23
 j 23
19 24
 j 24
19 23
 j 25
19 24
 j 26
20 26
20 27
21 27
21 28
22 28
22 29
23 29
24 29
 j 27
19 28
 j 28
18 28
17 28
16 28
16 27
15 27
14 27
13 27
12 27
 j 29
20 29
20 28
21 28
22 28
22 27
23 27
24 27
 j 30
19 31
 j 31
19 32
 j 32
19 31
 j 33
20 33
row size: 34
i 20 j 0
21 0
 j 1
21 1
21 0
 j 2
20 3
20 4
19 4
19 5
19 6
19 7
19 8
18 8
18 9
18 10
18 11
 j 3
20 4
19 4
19 5
19 6
18 6
18 7
17 7
17 8
17 9
16 9
16 10
15 10
 j 4
20 3
20 2
20 1
21 1
21 0
 j 5
20 4
19 4
19 3
18 3
18 2
17 2
17 1
16 1
16 0
 j 6
21 6
22 6
23 6
24 6
 j 7
21 7
21 6
21 5
22 5
22 4
23 4
23 3
24 3
 j 8
19 8
18 8
17 8
17 9
16 9
15 9
 j 9
20 10
19 10
19 11
 j 10
19 10
19 11
 j 11
19 11
 j 12
21 12
21 11
 j 13
20 14
20 15
21 15
21 16
21 17
21 18
21 19
22 19
22 20
22 21
22 22
23 22
23 23
23 24
23 25
23 26
24 26
 j 14
21 14
22 14
23 14
24 14
 j 15
19 15
 j 16
20 17
19 17
18 17
18 18
17 18
17 19
16 19
16 20
15 20
15 21
 j 17
21 17
22 17
23 17
24 17
 j 18
20 17
19 17
19 16
 j 19
21 19
22 19
23 19
24 19
 j 20
20 21
21 21
22 21
22 22
23 22
23 23
24 23
 j 21
20 22
21 22
21 23
21 24
22 24
22 25
23 25
23 26
23 27
24 27
 j 22
20 21
20 20
20 19
19 19
19 18
19 17
19 16
 j 23
19 23
 j 24
20 23
20 22
21 22
21 21
21 20
21 19
22 19
22 18
22 17
22 16
23 16
23 15
23 14
23 13
24 13
 j 25
21 25
21 24
22 24
23 24
23 23
24 23
 j 26
21 26
21 27
21 28
21 29
21 30
21 31
21 32
22 32
22 33
 j 27
20 28
21 28
22 28
23 28
23 29
24 29
 j 28
20 27
20 26
21 26
21 25
21 24
21 23
22 23
22 22
22 21
22 20
23 20
23 19
23 18
23 17
24 17
 j 29
21 29
21 28
22 28
23 28
24 28
 j 30
19 30
 j 31
20 32
21 32
21 33
 j 32
20 33
 j 33
20 32
21 32
22 32
23 32
23 31
24 31
row size: 34
i 21 j 0
21 1
22 1
23 1
23 2
24 2
 j 1
22 1
22 2
23 2
23 3
24 3
 j 2
21 3
21 4
22 4
22 5
22 6
22 7
22 8
22 9
23 9
23 10
23 11
 j 3
20 3
20 2
20 1
19 1
19 0
 j 4
22 4
23 4
23 5
24 5
 j 5
21 4
21 3
21 2
21 1
22 1
22 0
 j 6
22 6
22 5
23 5
24 5
 j 7
22 7
22 6
22 5
22 4
23 4
23 3
23 2
23 1
24 1
 j 8
21 7
21 6
21 5
20 5
20 4
20 3
20 2
20 1
20 0
 j 9
20 9
19 9
18 9
17 9
16 9
16 10
15 10
 j 10
21 11
 j 11
21 10
21 9
22 9
22 8
22 7
23 7
23 6
23 5
24 5
 j 12
20 12
20 13
20 14
19 14
 j 13
21 12
20 12
20 11
 j 14
21 13
22 13
23 13
23 12
24 12
 j 15
22 15
22 16
23 16
24 16
 j 16
21 15
21 14
20 14
20 13
20 12
20 11
 j 17
20 17
20 16
19 16
 j 18
20 18
20 19
19 19
19 20
18 20
18 21
 j 19
21 20
22 20
22 21
23 21
24 21
 j 20
22 20
22 19
23 19
23 18
24 18
 j 21
20 21
20 22
19 22
 j 22
20 22
19 22
 j 23
20 23
20 24
19 24
 j 24
21 25
21 26
21 27
21 28
21 29
21 30
21 31
21 32
21 33
 j 25
21 24
20 24
20 23
20 22
20 21
19 21
 j 26
20 26
20 25
19 25
 j 27
21 28
21 29
22 29
22 30
23 30
23 31
24 31
 j 28
21 29
20 29
20 30
19 30
 j 29
20 29
19 29
 j 30
22 30
22 31
23 31
24 31
 j 31
21 32
20 32
20 33
 j 32
20 32
19 32
 j 33
row size: 34
i 22 j 0
 j 1
21 1
21 2
21 3
21 4
20 4
20 5
20 6
20 7
19 7
19 8
19 9
19 10
18 10
18 11
 j 2
22 1
21 1
21 0
 j 3
21 3
20 3
19 3
19 2
18 2
17 2
16 2
16 1
15 1
 j 4
23 4
23 3
23 2
24 2
 j 5
22 6
22 7
23 7
23 8
23 9
24 9
 j 6
22 5
23 5
23 4
24 4
 j 7
23 7
23 8
24 8
 j 8
21 8
20 8
20 7
19 7
18 7
17 7
17 6
16 6
15 6
15 5
14 5
13 5
12 5
 j 9
22 10
22 11
 j 10
23 10
23 9
24 9
 j 11
23 11
 j 12
21 12
20 12
20 13
19 13
 j 13
22 12
22 11
 j 14
22 13
22 12
22 11
 j 15
21 15
21 14
20 14
19 14
 j 16
22 15
23 15
23 14
24 14
 j 17
22 16
21 16
21 15
20 15
20 14
20 13
19 13
 j 18
22 17
22 16
22 15
22 14
22 13
22 12
23 12
23 11
 j 19
22 20
23 20
24 20
 j 20
23 20
24 20
 j 21
23 21
24 21
 j 22
22 23
23 23
24 23
 j 23
23 23
23 22
24 22
 j 24
23 24
24 24
 j 25
22 24
21 24
21 23
21 22
20 22
20 21
20 20
19 20
19 19
19 18
18 18
18 17
18 16
 j 26
23 26
24 26
 j 27
21 27
20 27
20 26
19 26
 j 28
23 28
23 27
23 26
24 26
 j 29
22 30
21 30
20 30
20 31
19 31
 j 30
22 29
22 28
22 27
22 26
23 26
23 25
23 24
23 23
23 22
24 22
 j 31
23 31
23 30
24 30
 j 32
21 32
20 32
19 32
 j 33
row size: 34
i 23 j 0
24 0
 j 1
22 1
21 1
20 1
19 1
19 0
 j 2
22 2
21 2
20 2
19 2
18 2
17 2
16 2
15 2
 j 3
22 3
21 3
20 3
19 3
18 3
17 3
16 3
15 3
 j 4
23 3
24 3
 j 5
23 4
23 3
22 3
22 2
22 1
22 0
 j 6
22 6
21 6
21 7
20 7
19 7
18 7
17 7
16 7
15 7
14 7
14 8
13 8
12 8
11 8
10 8
9 8
8 8
8 9
7 9
6 9
5 9
4 9
3 9
2 9
1 9
1 10
0 10
 j 7
23 8
24 8
 j 8
22 8
21 8
20 8
19 8
18 8
17 8
16 8
15 8
14 8
13 8
12 8
11 8
10 8
9 8
8 8
7 8
6 8
5 8
 j 9
24 9
 j 10
23 11
 j 11
24 11
 j 12
22 12
21 12
21 11
 j 13
22 13
22 14
21 14
21 15
20 15
19 15
 j 14
23 13
22 13
22 12
21 12
21 11
 j 15
23 16
22 16
22 17
21 17
20 17
20 18
19 18
19 19
18 19
18 20
17 20
17 21
 j 16
22 16
21 16
21 15
20 15
20 14
19 14
 j 17
23 16
22 16
22 15
22 14
22 13
22 12
22 11
 j 18
23 17
23 16
23 15
23 14
23 13
24 13
 j 19
22 19
22 18
21 18
21 17
20 17
20 16
19 16
 j 20
22 20
22 19
22 18
22 17
21 17
21 16
21 15
21 14
20 14
20 13
20 12
20 11
 j 21
24 21
 j 22
22 22
21 22
20 22
20 23
19 23
 j 23
24 23
 j 24
22 24
22 23
21 23
21 22
20 22
20 21
19 21
 j 25
23 24
23 23
23 22
23 21
23 20
22 20
22 19
22 18
22 17
22 16
22 15
22 14
22 13
22 12
22 11
 j 26
22 26
22 27
22 28
21 28
21 29
20 29
20 30
20 31
19 31
 j 27
24 27
 j 28
24 28
 j 29
24 29
 j 30
24 30
 j 31
23 32
23 33
 j 32
23 33
 j 33
row size: 34
i 24 j 0
 j 1
23 1
23 0
 j 2
23 2
22 2
21 2
20 2
19 2
18 2
17 2
16 2
15 2
 j 3
23 3
23 4
22 4
21 4
20 4
19 4
18 4
17 4
16 4
15 4
14 4
13 4
12 4
11 4
10 4
9 4
8 4
8 5
7 5
6 5
 j 4
24 5
 j 5
24 4
 j 6
23 6
23 5
23 4
22 4
22 3
21 3
21 2
20 2
20 1
20 0
 j 7
24 6
 j 8
24 9
 j 9
24 8
 j 10
24 11
 j 11
23 11
 j 12
 j 13
23 13
23 14
23 15
22 15
22 16
22 17
21 17
21 18
21 19
20 19
20 20
20 21
19 21
 j 14
 j 15
24 14
 j 16
23 16
22 16
21 16
21 17
20 17
19 17
18 17
17 17
16 17
16 18
15 18
14 18
13 18
12 18
 j 17
24 18
 j 18
24 19
 j 19
23 19
22 19
21 19
20 19
19 19
19 18
18 18
17 18
16 18
15 18
14 18
13 18
13 17
12 17
 j 20
24 21
 j 21
 j 22
24 23
 j 23
 j 24
24 25
 j 25
24 24
 j 26
23 26
23 27
23 28
22 28
22 29
22 30
22 31
21 31
21 32
21 33
 j 27
24 26
 j 28
24 27
 j 29
24 28
 j 30
 j 31
23 31
22 31
22 32
21 32
20 32
19 32
 j 32
24 31
 j 33
24 32
